feature_extraction:
  x_min: -6.0
  x_max: 6.0
  y_min: -5.0
  y_max: 5.0
  z_min: -2.0
  z_max: 2.0
fisheye_model: true
chessboard:
  pattern_size:
    height: 8
    width: 6
  square_length: 65
  board_dimension:
    width: 600
    height: 910
  translation_error:
    x: 0
    y: 10
cameramat: [1177.267696, 1178.170158, 967.469700, 602.125941, -0.084886, 0.020372, -0.052289, 0.030182]
distcoeff: [-0.084886, 0.020372, -0.052289, 0.030182]
image_size:
  l: 1920
  b: 1208

